32722
13310
26802
32286
25490
1598
20594
27742
3922
20606
50
21150
786
4798
30706
12510
16082
19710
14258
1822
17042
32574
16242
21854
3666
10622
3890
7070
8722
19390
9970
23006
32210
26110
1714
4126
8594
30782
11890
15966
3410
638
7730
25758
16658
1214
22002
734
15570
32510
21938
6430
146
28990
7538
10078
3154
23422
11570
11678
24594
15806
1266
11230
31698
6142
9394
8734
24466
27198
3186
4190
2898
13438
15410
30366
32530
30398
13298
21726
15058
12542
29618
11038
16018
25406
31602
31070
2642
3454
19250
16286
7698
12222
25330
32222
31186
18942
17074
13342
7570
23614
27250
25182
2386
26238
23090
2206
15634
26814
4594
9950
14546
25342
4530
15646
31890
21822
22898
19294
2130
16254
26930
20894
23570
8638
16626
20446
Cool! the next level is "tree"
